image_width: 1280
image_height: 720
camera_name: camera
camera_matrix:
  rows: 3
  cols: 3
  data: [731.709690, 0.000000, 610.269907, 0.000000, 732.639677, 380.101175, 0.000000, 0.000000, 1.000000]
distortion_model: plumb_bob
distortion_coefficients:
  rows: 1
  cols: 5
  data: [-0.185924, 0.035194, 0.001971, 0.002055, 0.000000]
rectification_matrix:
  rows: 3
  cols: 3
  data: [0.986381, -0.006722, 0.164337, 0.008380, 0.999921, -0.009396, -0.164261, 0.010645, 0.986360]
projection_matrix:
  rows: 3
  cols: 4
  data: [780.181375, 0.000000, 366.103817, 0.000000, 0.000000, 780.181375, 388.681667, 0.000000, 0.000000, 0.000000, 1.000000, 0.000000]
