image_width: 1280
image_height: 720
camera_name: camera
camera_matrix:
  rows: 3
  cols: 3
  data: [708.3833574224037, 0, 651.0570635817564, 0, 661.5342297770964, 381.1910987736141, 0, 0, 1]
distortion_model: plumb_bob
distortion_coefficients:
  rows: 1
  cols: 5
  data: [-0.1744088186610245, 0.0236990950587278, -0.002462506907624925, 0.001480319782419361, 0]
rectification_matrix:
  rows: 3
  cols: 3
  data: [0.9996334092755611, 0.002093105229255658, -0.02699381356196211, -0.002244705563206011, 0.9999818730028298, -0.005587035232283828, 0.02698162999251934, 0.005645580240465247, 0.9996199873285324]
projection_matrix:
  rows: 3
  cols: 4
  data: [639.6769465764743, 0, 704.9785232543945, 76.11223022385224, 0, 639.6769465764743, 390.7052574157715, 0, 0, 0, 1, 0]