image_width: 2208
image_height: 1242
camera_name: camera0
camera_matrix: 
  rows: 3
  cols: 3
  data:  [1403.02, 0.0, 1181.69, 0.0, 1403.02, 606.83, 0.0, 0.0, 1.0]
distortion_model: plumb_bob
distortion_coefficients: 
  rows: 1
  cols: 5
  data:  [-0.174174, 0.0265026, 0.0, 0.0, 0.0]
rectification_matrix: 
  rows: 3
  cols: 3
  data:  [1.0, 0.0, 0.0, 0.0, 1.0, 0.0, 0.0, 0.0, 1.0]
projection_matrix: 
  rows: 3
  cols: 4
  data:  [1403.02, 0.0, 1181.69, 0.0, 0.0, 1403.02, 606.83, 0.0, 0.0, 0.0, 1.0, 0.0]
